239 11
INPUT
11. 0 2 4 4 2 0
  7.858275 135.134974 0
  3.382128  15.411632 0
  6.849791  29.251437 0
  6.710092  58.508363 0
  3.042159   3.780243 0
  2.937330   7.676547 0
  5.416315  11.849911 0
  5.333416  17.778103 0
  1.976212   2.062383 0
  1.961111   3.075654 0
  5.028590  -6.928078 0
  5.005582  -9.155099 0
0 0 2 2 1.0
  10.0000000000     -0.174876867960
  8.50000000000      0.341523450840
0 0 1 0 1.0
  3.36996640000      1.000000000000
0 0 1 0 1.0
  0.67918260000      1.000000000000
0 0 1 0 1.0
  0.30191780000      1.000000000000
0 2 4 6 1.0
  8.05540936160      0.036410978939
  4.01634587510     -0.208725725470
  1.02329154040      0.489569293350
  0.49843561636      0.606119438330
0 2 1 0 1.0
  0.35648910000      1.000000000000
0 2 1 0 1.0
  0.19193110000      1.000000000000
0 3 3 3 1.0
  3.90308330600     -0.009820979262
  1.13632343020      0.191836296640
  0.45617043877      0.405977885390
0 3 1 0 1.0
  0.32917530000      1.000000000000
0 3 1 0 1.0
  0.13006830000      1.000000000000
0 4 1 0 1.0
  0.65147450000      1.000000000000

