246 11
INPUT
18. 0 2 4 4 2 0
  12.798825 240.262789 0
   5.800528  34.729961 0
  11.874697  56.746929 0
  11.474335 113.444417 0
   5.515999   9.345639 0
   5.248043  18.345447 0
   8.502212  28.595554 0
   7.983324  43.453921 0
   3.107628   1.852286 0
   2.476734   1.406765 0
   9.679571 -10.987255 0
   9.691349 -14.626190 0
0 0 2 2 1.0
  18.000000000     -0.166053885980
  14.662134308      0.348999550550
0 0 1 2 1.0
  5.4319418700      1.000000000000
0 0 1 0 1.0
  1.2147866500      1.000000000000
0 0 1 0 1.0
  0.1458883100      1.000000000000
0 2 4 6 1.0
  12.552899300      0.061728998206
  7.2444496380     -0.241786267530
  1.8905941078      0.494532009150
  0.9073716876      0.504543626260
0 2 1 0 1.0
  0.6800411300      1.000000000000
0 2 1 0 1.0
  0.3528875400      1.000000000000
0 3 4 8 1.0
  22.357457575      0.003955947955
  10.682526382     -0.014039011601
  2.4858232550      0.242194767760
  1.0735333903      0.425802832810
0 3 1 0 1.0
  0.4174517400      1.000000000000
0 3 1 0 1.0
  0.2000108200      1.000000000000
0 4 1 0 1.0
  0.4031589900      1.000000000000

