258 17
INPUT
30. 0 1 1 1 1 1
20.137829 580.083457 0
15.998482 310.302833 0
14.974187 167.813944 0
23.402455 -49.390229 0
16.570553 -21.331879 0
0 0 5 2.0 1.0
      66920.6810000      0.00000500000
      7142.41900000      0.00006200000
      1149.22790000      0.00040800000
      626.047400000      0.00008000000
      137.281300000      0.00355900000
0 0 3 2.0 1.0
      22.7127459648     -0.15180386770
      9.51500267150      0.72823137760
      3.98609996250     -0.66830729940
0 0 1 2.0 1.0
      1.66988843400      1.00000000000
0 0 1 0.0 1.0
      0.69956283290      1.00000000000
0 0 1 0.0 1.0
      0.29306637930      1.00000000000
0 2 6 6.0 1.0
      1540.61420120     -0.00002695720
      327.036205010     -0.00028472250
      109.603501540     -0.00032344800
      21.5388437560     -0.07068031300
      13.1938727080      0.24804039000
      3.02694433060     -0.25859425000
0 2 3 6.0 1.0
      5.22605690000      0.60270031300
      2.75996090000      0.54472955950
      1.45757770000      0.58311408810
0 2 1 0.0 1.0
      0.76976920000      1.00000000000
0 2 1 0.0 1.0
      0.40652690000      1.00000000000
0 2 1 0.0 1.0
      0.19469310000      1.00000000000
0 3 6 10.0 1.0
      367.715700000      0.00012000000
      109.879800000      0.00099100000
      36.0211000000      0.00777800000
      14.7637000000     -0.06295800000
      7.32810000000      0.18034200000
      3.94410000000      0.43252900000
0 3 1 0.0 1.0
      1.72170037700      1.00000000000
0 3 1 0.0 1.0
      0.51612914010      1.00000000000
0 3 1 0.0 1.0
      0.15472453440      1.00000000000
0 4 5 2.0 1.0
      123.482100000      0.00156600000
      43.9881000000      0.01810100000
      19.4518000000      0.07615700000
      8.60130000000      0.19268300000
      3.80490000000      0.32433200000
0 4 1 0.0 1.0
      1.50956272000      1.0000000000
0 4 1 0.0 1.0
      0.48468216000      1.0000000000
