259 17
INPUT
31. 0 1 1 1 1 1
20.766278 577.573122 0
16.078448 295.785846 0
14.705089 150.867055 0
23.378969 -48.736766 0
17.447138 -22.329488 0
0 0 5 2.0 1.0
      66920.6810000      0.00000800000
      10906.6250000      0.00005000000
      2635.41470000      0.00024300000
      713.905100000      0.00087600000
      140.013900000      0.00417600000
0 0 3 2.0 1.0
      23.7261140946     -0.14779287290
      9.94966265420      0.72547279220
      4.17243997640     -0.67219528000
0 0 1 2.0 1.0
      1.74973322830      1.00000000000
0 0 1 0.0 1.0
      0.73375923620      1.00000000000
0 0 1 0.0 1.0
      0.30770554510      1.00000000000
0 2 6 6.0 1.0
      1542.42775300     -0.00003913850
      334.969076230     -0.00039055170
      109.623432400     -0.00089406460
      22.1830788620     -0.07060472680
      13.6581632000      0.24747588570
      3.03319537050     -0.25776259940
0 2 3 6.0 1.0
      5.83188443090      0.59341785120
      3.00721199580      0.60089569150
      1.55066927240      0.53551808730
0 2 1 0.0 1.0
      0.79960282010      1.00000000000
0 2 1 0.0 1.0
      0.41231530240      1.00000000000
0 2 1 0.0 1.0
      0.21261044140      1.00000000000
0 3 6 10.0 1.0
      355.961500000      0.00019300000
      107.141400000      0.00154500000
      37.5562000000      0.00900400000
      15.0859000000     -0.04729600000
      7.38320000000      0.20233700000
      3.97950000000      0.43537400000
0 3 1 0.0 1.0
      1.75458793300      1.00000000000
0 3 1 0.0 1.0
      0.52458323420      1.00000000000
0 3 1 0.0 1.0
      0.15683885910      1.00000000000
0 4 5 3.0 1.0
      124.508300000      0.00188500000
      44.5837000000      0.02094900000
      19.8731000000      0.08520800000
      8.91020000000      0.20531200000
      3.99770000000      0.33340300000
0 4 1 0.0 1.0
      1.55538200000      1.00000000000
0 4 1 0.0 1.0
      0.47556426000      1.00000000000
