260 17
INPUT
32. 0 1 1 1 1 1
21.352267 574.370980 0
16.119265 280.946440 0
14.494103 138.670627 0
23.183860 -47.522668 0
18.344174 -23.344587 0
0 0 5 2.0 1.0
      67945.5900000      0.00001500000
      9404.40830000      0.00012500000
      2084.31770000      0.00061000000
      586.989500000      0.00177300000
      142.940600000      0.00539200000
0 0 3 2.0 1.0
      24.6996391121     -0.14265363230
      10.3656735145      0.71925984600
      4.35015211850     -0.67993765540
0 0 1 2.0 1.0
      1.82562410710      1.00000000000
0 0 1 0.0 1.0
      0.76615789280      1.00000000000
0 0 1 0.0 1.0
      0.32153273740      1.00000000000
0 2 6 6.0 1.0
      1541.91529780     -0.00007199750
      335.402890490     -0.00058631670
      106.742033220     -0.00170099140
      22.8967101960     -0.07255832300
      14.2003993160      0.24695703000
      3.08673944240     -0.25921515000
0 2 3 6.0 1.0
      6.41989877720      0.56032901900
      3.37795164860      0.63573423580
      1.77737340360      0.53091748130
0 2 1 0.0 1.0
      0.93519876670      1.00000000000
0 2 1 0.0 1.0
      0.49207258950      1.00000000000
0 2 1 0.0 1.0
      0.22891333690      1.00000000000
0 3 6 10.0 1.0
      350.961200000      0.00028200000
      105.962100000      0.00222200000
      38.4704000000      0.01101600000
      15.4826000000     -0.03180400000
      7.42600000000      0.22399400000
      3.99960000000      0.43687400000
0 3 1 0.0 1.0
      1.77432991560      1.00000000000
0 3 1 0.0 1.0
      0.52406885160      1.00000000000
0 3 1 0.0 1.0
      0.15478979350      1.00000000000
0 4 5 4.0 1.0
      126.084500000      0.00217200000
      45.1679000000      0.02358500000
      20.1700000000      0.09414200000
      9.09990000000      0.21745600000
      4.10850000000      0.33961200000
0 4 1 0.0 1.0
      1.62579343000      1.00000000000
0 4 1 0.0 1.0
      0.50950348000      1.00000000000
