261 17
INPUT
33. 0 1 1 1 1 1
21.942865 575.395749 0
16.555161 281.704514 0
13.960308 123.524737 0
24.033546 -50.741511 0
19.260245 -24.372510 0
0 0 5 2.0 1.0
      69642.7150000      0.00002900000
      10512.9760000      0.00021700000
      2302.55780000      0.00113600000
      604.176200000      0.00368800000
      155.762300000      0.00776300000
0 0 3 2.0 1.0
      25.7667176639     -0.13745038340
      10.7672119034      0.71055278120
      4.49932559070     -0.69008849950
0 0 1 2.0 1.0
      1.88014603520      1.00000000000
0 0 1 0.0 1.0
      0.78566199370      1.00000000000
0 0 1 0.0 1.0
      0.32830682130      1.00000000000
0 2 6 6.0 1.0
      1541.87639650     -0.00009781370
      336.040089620     -0.00078060180
      106.566230430     -0.00230693770
      23.8114479910     -0.07441477800
      14.9085510390      0.24496395000
      3.17491647100     -0.26347889000
0 2 3 6.0 1.0
      6.86680894080      0.54699677310
      3.42034081450      0.70340909000
      1.70366343200      0.45388344570
0 2 1 0.0 1.0  
      0.84859060750      1.00000000000
0 2 1 0.0 1.0  
      0.42268091550      1.00000000000
0 2 1 0.0 1.0  
      0.21053633490      1.00000000000
0 3 6 10.0 1.0  
      341.806000000      0.00043500000
      102.941800000      0.00342000000
      38.2234000000      0.01499100000
      16.1246000000     -0.01141300000
      7.42430000000      0.24276300000
      4.01770000000      0.43130900000
0 3 1 0.0 1.0  
      1.77220635430      1.00000000000
0 3 1 0.0 1.0  
      0.54644888310      1.00000000000
0 3 1 0.0 1.0  
      0.15949437470      1.00000000000
0 4 5 5.0 1.0  
      126.651600000      0.00261000000
      45.6672000000      0.02733100000
      20.4949000000      0.10293400000
      9.31030000000      0.22727400000
      4.23510000000      0.34313100000
0 4 1 0.0 1.0  
      1.65012912000      1.00000000000
0 4 1 0.0 1.0  
      0.49369858000      1.00000000000