262 17
INPUT
34. 0 1 1 1 1 1
22.344471 572.985332 0
16.694590 272.359145 0
13.727705 115.293900 0
24.059092 -51.108392 0
20.197249 -25.421885 0
0 0 5 2.0 1.0
      70078.1710000      0.00009700000
      10598.3840000      0.00073000000
      2413.86600000      0.00352300000
      677.403100000      0.01087300000
      208.507300000      0.01782400000
0 0 3 2.0 1.0  
      26.9219000484     -0.16138909310
      11.4520098392      0.74191766670
      4.87144403340     -0.65077779350
0 0 1 2.0 1.0  
      2.07220979580      1.00000000000
0 0 1 0.0 1.0  
      0.88147444750      1.00000000000
0 0 1 0.0 1.0  
      0.37496068360      1.00000000000
0 2 6 6.0 1.0  
      1545.81729510     -0.00014093760
      358.330975270     -0.00104975820
      105.410950060     -0.00380470090
      24.3236928190     -0.07575838500
      15.3300167860      0.24471563000
      3.27770302870     -0.25977821000
0 2 3 6.0 1.0  
      7.31216467140      0.52064904280
      3.64232449680      0.69746092260
      1.81430921440      0.49241530810
0 2 1 0.0 1.0  
      0.90374098410      1.00000000000
0 2 1 0.0 1.0  
      0.45017010330      1.00000000000
0 2 1 0.0 1.0  
      0.22423805650      1.00000000000
0 3 6 10.0 1.0  
      398.015400000      0.00043300000
      115.546600000      0.00385200000
      41.8937000000      0.01732400000
      20.7743000000      0.00574300000
      7.53040000000      0.25998300000
      4.04540000000      0.43147800000
0 3 1 0.0 1.0  
      1.81502380000      1.00000000000
0 3 1 0.0 1.0  
      0.59317250000      1.00000000000
0 3 1 0.0 1.0  
      0.16400040000      1.00000000000
0 4 5 6.0 1.0  
      127.186300000      0.00305000000
      45.9396000000      0.03114500000
      20.6234000000      0.11362400000
      9.38550000000      0.24012800000
      4.27900000000      0.34765200000
0 4 1 0.0 1.0  
      1.67973379000      1.00000000000
0 4 1 0.0 1.0  
      0.50638403000      1.00000000000
