263 17
INPUT
35. 0 1 1 1 1 1
23.471384 607.659331 0
16.772479 264.385476 0
13.981343 115.381375 0
23.962888 -49.400794 0
21.232458 -26.748273 0
0 0 5 2.0 1.0
      70059.4200000      0.00009700000
      10776.2350000      0.00070700000
      2482.49010000      0.00336200000
      702.152600000      0.01020600000
      216.792600000      0.01659700000
0 0 3 2.0 1.0
      28.1428840958     -0.15654012280
      11.9192447914      0.73413652070
      5.04811077330     -0.66071079830
0 0 1 2.0 1.0
      2.13800646150      1.00000000000
0 0 1 0.0 1.0
      0.90550145090      1.00000000000
0 0 1 0.0 1.0
      0.38350346090      1.00000000000
0 2 6 6.0 1.0
      1545.47889690     -0.00021477690
      348.797622130     -0.00168031020
      105.529435290     -0.00573488480
      25.6179974540     -0.07589990300
      15.7844303300      0.24468327000
      3.38528712390     -0.26307923010
0 2 3 6.0 1.0
      7.43969776640      0.56350662210
      3.69886801650      0.70426115160
      1.83900274360      0.43182926870
0 2 1 0.0 1.0
      0.91431515690      1.00000000000
0 2 1 0.0 1.0
      0.45457909680      1.00000000000
0 2 1 0.0 1.0
      0.22600757920      1.00000000000
0 3 6 10.0 1.0
      389.084100000      0.00053400000
      117.760200000      0.00425800000
      44.9869000000      0.01716000000
      22.8599000000      0.01242700000
      7.83310000000      0.27041600000
      4.11340000000      0.44527200000
0 3 1 0.0 1.0
      1.77935052690      1.00000000000
0 3 1 0.0 1.0
      0.57349124040      1.00000000000
0 3 1 0.0 1.0
      0.16483834290      1.00000000000
0 4 5 7.0 1.0
      128.234100000      0.00342400000
      46.2685000000      0.03431300000
      20.7366000000      0.12319400000
      9.44790000000      0.25182400000
      4.31490000000      0.35129200000
0 4 1 0.0 1.0
      1.70132463630      1.00000000000
0 4 1 0.0 1.0
      0.49847202460      1.00000000000