264 17
INPUT
36. 0 1 1 1 1 1
24.602151 637.200869 0
16.889250 261.689601 0
13.643358 106.856533 0
24.126917 -50.683590 0
22.131887 -27.579630 0
0 0 5 2.0 1.0
      70672.9820000      0.00013500000
      10580.4200000      0.00100600000
      2467.21960000      0.00460500000
      710.305500000      0.01357700000
      223.693400000      0.02091500000
0 0 3 2.0 1.0  
      29.9711908328     -0.17678077880
      12.7277554910      0.76173703920
      5.40504916010     -0.62330188460
0 0 1 2.0 1.0  
      2.29534236760      1.00000000000
0 0 1 0.0 1.0  
      0.97475460970      1.00000000000
0 0 1 0.0 1.0  
      0.41394545870      1.00000000000
0 2 6 6.0 1.0  
      1547.51768280     -0.00027484380
      341.043553630     -0.00220275190
      100.448088110     -0.00749933300
      25.6387242000     -0.07563291190
      15.8976303160      0.24448929000
      3.56433086470     -0.26400163000
0 2 3 6.0 1.0  
      7.77881762200      0.55870406360
      3.86851600440      0.67900264680
      1.92386771400      0.47624066910
0 2 1 0.0 1.0  
      0.95676661980      1.00000000000
0 2 1 0.0 1.0  
      0.47581356970      1.00000000000
0 2 1 0.0 1.0  
      0.23662881680      1.00000000000
0 3 6 10.0 1.0  
      406.099400000      0.00065500000
      122.420500000      0.00534100000
      46.3679000000      0.02218000000
      20.7289000000      0.02963000000
      7.97730000000      0.28827000000
      4.11750000000      0.44967800000
0 3 1 0.0 1.0  
      1.86303910000      1.00000000000
0 3 1 0.0 1.0  
      0.59182520000      1.00000000000
0 3 1 0.0 1.0  
      0.18185580000      1.00000000000
0 4 5 8.0 1.0  
      128.705200000      0.00397000000
      46.5647000000      0.03873500000
      20.8882000000      0.13395800000
      9.52330000000      0.26283500000
      4.34760000000      0.35391100000
0 4 1 0.0 1.0  
      1.76178097000      1.00000000000
0 4 1 0.0 1.0  
      0.57925767000      1.00000000000