265 17
INPUT
37. 0 1 1 1 1 1
24.952956 668.597155 0
17.610899 266.980475 0
12.976009 97.506596  0
24.248869 -52.175757 0
23.130672 -28.694268 0
0 0 5 2.0 1.0
      72672.9820000      0.00014500000
      10989.4670000      0.00108100000
      2527.11750000      0.00506100000
      721.010200000      0.01472700000
      226.918200000      0.02202900000
0 0 3 2.0 1.0  
      32.1022711486     -0.19973476500
      13.4088232963      0.79176788850
      5.60074212070     -0.57724313280
0 0 1 2.0 1.0  
      2.33937845320      1.00000000000
0 0 1 0.0 1.0  
      0.97713685610      1.00000000000
0 0 1 0.0 1.0  
      0.40814107450      1.00000000000
0 2 6 6.0 1.0  
      1496.74063750     -0.00035252190
      336.672248580     -0.00278029370
      95.1077974360     -0.00972719980
      26.1739833510     -0.07597521370
      16.5741987940      0.24438375030
      3.75897764320     -0.26379918980
0 2 3 6.0 1.0  
      8.37323836930      0.55540676620
      4.17040241710      0.68802103320
      2.07712423240      0.46706571480
0 2 1 0.0 1.0  
      1.03453927110      1.00000000000
0 2 1 0.0 1.0  
      0.51526600420      1.00000000000
0 2 1 0.0 1.0  
      0.25663506690      1.00000000000
0 3 6 10.0 1.0  
      410.830700000      0.00084900000
      123.835500000      0.00693700000
      47.0131000000      0.02853300000
      20.2989000000      0.05034200000
      8.01380000000      0.30163300000
      4.08550000000      0.44817800000
0 3 1 0.0 1.0  
      1.85048304370      1.00000000000
0 3 1 0.0 1.0  
      0.57896170420      1.00000000000
0 3 1 0.0 1.0  
      0.16485572440      1.00000000000
0 4 5 9.0 1.0  
      128.966600000      0.00458800000
      46.7861000000      0.04356300000
      21.0021000000      0.14488000000
      9.57730000000      0.27243000000
      4.37160000000      0.35365200000
0 4 1 0.0 1.0  
      1.78247254000      1.00000000000
0 4 1 0.0 1.0  
      0.57298275000      1.00000000000
