266 17
INPUT
38. 0 1 1 1 1 1
26.429586 705.671221 0
17.317034 254.866989 0
12.913599 95.045187  0
24.907878 -54.574093 0
24.148753 -29.828277 0
0 0 5 2.0 1.0
      72672.9820000      0.00014500000
      10989.4670000      0.00108100000
      2527.11750000      0.00506100000
      721.010200000      0.01472700000
      226.918200000      0.02202900000
0 0 3 2.0 1.0  
      32.0577770784     -0.16791151350
      13.4678153474      0.74014202970
      5.65797340800     -0.65114936800
0 0 1 2.0 1.0  
      2.37697520050      1.00000000000
0 0 1 0.0 1.0  
      0.99859272860      1.00000000000
0 0 1 0.0 1.0  
      0.41951949580      1.00000000000
0 2 6 6.0 1.0  
      1496.74063750     -0.00035252190
      336.672248580     -0.00278029370
      95.1077974360     -0.00972719980
      26.1739833510     -0.07597521370
      16.5741987940      0.24438375030
      3.75897764320     -0.26379918980
0 2 3 6.0 1.0  
      10.9710729194      0.64060565340
      5.26655816040      0.61865241710
      2.52816065120      0.45485556350
0 2 1 0.0 1.0  
      1.21361923360      1.00000000000
0 2 1 0.0 1.0  
      0.58258625440      1.00000000000
0 2 1 0.0 1.0  
      0.27966493470      1.00000000000
0 3 6 10.0 1.0  
      410.830700000      0.00084900000
      123.835500000      0.00693700000
      47.0131000000      0.02853300000
      20.2989000000      0.05034200000
      8.01380000000      0.30163300000
      4.08550000000      0.44817800000
0 3 1 0.0 1.0  
      1.88889686490      1.00000000000
0 3 1 0.0 1.0  
      0.58832356040      1.00000000000
0 3 1 0.0 1.0  
      0.18928620250      1.00000000000
0 4 5 10.0 1.0  
      128.966600000      0.00458800000
      46.7861000000      0.04356300000
      21.0021000000      0.14488000000
      9.57730000000      0.27243000000
      4.37160000000      0.35365200000
0 4 1 0.0 1.0  
      1.80306563680      1.00000000000
0 4 1 0.0 1.0  
      0.55801013520      1.00000000000
