267 17
INPUT
39. 0 1 1 1 1 1
28.397257 755.703136 0
17.438633 253.551998 0
12.434212 89.635677  0
25.387010 -55.482036 0
25.188501 -30.991125 0
0 0 5 2.0 1.0
      86373.9550000      0.00007800000
      13014.2000000      0.00058800000
      2974.24170000      0.00280100000
      840.771000000      0.00836400000
      258.122300000      0.01341900000
0 0 3 2.0 1.0  
      32.6808024198     -0.14996959060
      13.7723363668      0.72598631630
      5.80393487780     -0.67115794750
0 0 1 2.0 1.0  
      2.44589292400      1.00000000000
0 0 1 0.0 1.0  
      1.03074764300      1.00000000000
0 0 1 0.0 1.0  
      0.43437743870      1.00000000000
0 2 6 6.0 1.0  
      1332.98630820     -0.00069886750
      314.406879310     -0.00474434150
      97.9117194350     -0.01416471110
      27.9099616030     -0.06765892740
      16.5450973110      0.23908917080
      3.93315681070     -0.28419452940
0 2 3 6.0 1.0  
      10.8744195965      0.59929691950
      5.19753937200      0.64188427340
      2.48421676970      0.47835946930
0 2 1 0.0 1.0  
      1.18735665430      1.00000000000
0 2 1 0.0 1.0  
      0.56750918100      1.00000000000
0 2 1 0.0 1.0  
      0.27124678110      1.00000000000
0 3 6 10.0 1.0  
      454.440400000      0.00106500000
      137.412300000      0.00875400000
      52.6936000000      0.03589600000
      22.6037000000      0.07684800000
      8.78080000000      0.29227300000
      4.37520000000      0.45709200000
0 3 1 0.0 1.0  
      1.91491899210      1.00000000000
0 3 1 0.0 1.0  
      0.57894073860      1.00000000000
0 3 1 0.0 1.0  
      0.17498807210      1.00000000000
0 4 5 11.0 1.0  
      136.467800000      0.00523000000
      49.5692000000      0.04844900000
      22.2471000000      0.15620800000
      10.1359000000      0.28238400000
      4.61860000000      0.35388100000
0 4 1 0.0 1.0  
      1.82340225000      1.00000000000
0 4 1 0.0 1.0  
      0.54729522000      1.00000000000
