268 17
INPUT
40. 0 1 1 1 1 1
29.798592 800.952876 0
18.114237 262.019869 0
11.369587 80.170552  0
21.821233 -42.336285 0
26.250735 -32.185278 0
0 0 5 2.0 1.0
      89904.8350000      0.00006300000
      13532.8740000      0.00047300000
      3087.30420000      0.00225400000
      870.187600000      0.00670600000
      263.426200000      0.01088200000
0 0 3 2.0 1.0  
      36.2009203158     -0.14508269740
      14.8758694867      0.72006715440
      6.11286926000     -0.67856783300
0 0 1 2.0 1.0  
      2.51193186550      1.00000000000
0 0 1 0.0 1.0  
      1.03221603940      1.00000000000
0 0 1 0.0 1.0  
      0.42416355580      1.00000000000
0 2 6 6.0 1.0  
      1313.71920000     -0.00085085700
      317.626340000     -0.00563321210
      100.720620000     -0.01592806000
      31.0854120000     -0.05626793600
      16.7012420000      0.23405579000
      4.45446110000     -0.30821909000
0 2 3 6.0 1.0  
      11.3394997013      0.57443728390
      5.33652156360      0.55695345610
      2.51143905370      0.59985386110
0 2 1 0.0 1.0  
      1.18191710560      1.00000000000
0 2 1 0.0 1.0  
      0.55622613750      1.00000000000
0 2 1 0.0 1.0  
      0.26176752550      1.00000000000
0 3 6 10.0 1.0  
      456.000800000      0.00141800000
      138.152300000      0.01158600000
      53.2044000000      0.04684900000
      22.6815000000      0.10408300000
      8.99710000000      0.28843400000
      4.42980000000      0.44983300000
0 3 1 0.0 1.0  
      1.77070870000      1.00000000000
0 3 1 0.0 1.0  
      0.54158030000      1.00000000000
0 3 1 0.0 1.0  
      0.16564510000      1.00000000000
0 4 5 12.0 1.0  
      137.957500000      0.00521800000
      49.6732000000      0.04804700000
      22.2754000000      0.16363400000
      10.2123000000      0.28948300000
      4.65890000000      0.35374200000
0 4 1 0.0 1.0  
      1.84934804000      1.00000000000
0 4 1 0.0 1.0  
      0.55248951000      1.00000000000
