269 17
INPUT
41. 0 1 1 1 1 1
31.144122 845.510743 0
18.092353 258.585239 0
11.469159 80.729059  0
23.605544 -48.701266 0
27.329781 -33.395496 0
0 0 5 2.0 1.0
      91965.7410000      0.00005600000
      13821.7180000      0.00042000000
      3143.93930000      0.00201000000
      882.034800000      0.00593100000
      261.838200000      0.00967100000
0 0 3 2.0 1.0  
      35.9665962863     -0.13286112540
      14.7044955717      0.71648525110
      6.01175013330     -0.68483341500
0 0 1 2.0 1.0  
      2.45782927330      1.00000000000
0 0 1 0.0 1.0  
      1.00485293010      1.00000000000
0 0 1 0.0 1.0  
      0.41082162300      1.00000000000
0 2 6 6.0 1.0  
      1416.21160000     -0.00095591410
      364.667740000     -0.00558525730
      124.321620000     -0.01618171800
      42.4521950000     -0.03655986800
      14.7305450000      0.23712942000
      5.44812450000     -0.30572341000
0 2 3 6.0 1.0  
      12.1118730617      0.53961538850
      5.88624605720      0.36961137710
      2.86065519920      0.75644078580
0 2 1 0.0 1.0  
      1.39024908050      1.00000000000
0 2 1 0.0 1.0  
      0.67564679110      1.00000000000
0 2 1 0.0 1.0  
      0.32835740930      1.00000000000
0 3 6 10.0 1.0  
      462.756300000      0.00159000000
      140.268800000      0.01289200000
      54.0389000000      0.05141600000
      22.9937000000      0.11270300000
      9.17440000000      0.29479100000
      4.49850000000      0.44636800000
0 3 1 0.0 1.0  
      1.83793980000      1.00000000000
0 3 1 0.0 1.0  
      0.56836580000      1.00000000000
0 3 1 0.0 1.0  
      0.17576190000      1.00000000000
0 4 5 13.0 1.0  
      139.459200000      0.00598000000
      50.4688000000      0.05373600000
      22.6469000000      0.17238700000
      10.3467000000      0.29555200000
      4.71360000000      0.35243800000
0 4 1 0.0 1.0  
      1.87212552000      1.00000000000
0 4 1 0.0 1.0  
      0.55664100000      1.00000000000
