270 17
INPUT
42. 0 1 1 1 1 1
32.424484 891.013777 0
18.656232 264.036953 0
10.490222 73.923919  0
20.774183 -39.592173 0
28.431028 -34.638638 0
0 0 5 2.0 1.0
      91972.9030000      0.00005100000
      13787.3710000      0.00038600000
      3123.61350000      0.00184400000
      871.475400000      0.00535600000
      250.463000000      0.00885900000
0 0 3 2.0 1.0  
      37.5794452871     -0.13936860690
      15.6390190085      0.71173829990
      6.50831627980     -0.68848019860
0 0 1 2.0 1.0  
      2.70849346590      1.00000000000
0 0 1 0.0 1.0  
      1.12716354580      1.00000000000
0 0 1 0.0 1.0  
      0.46907909320      1.00000000000
0 2 6 6.0 1.0  
      1497.55670000     -0.00101829340
      375.041010000     -0.00609194010
      128.697270000     -0.01707769300
      45.2707590000     -0.03565550800
      14.9069710000      0.23732226000
      5.64508580000     -0.30559689000
0 2 3 6.0 1.0  
      12.9047213645      0.56892870090
      6.08475319410      0.40516681020
      2.86904462230      0.71565353990
0 2 1 0.0 1.0  
      1.35279390670      1.00000000000
0 2 1 0.0 1.0  
      0.63786088920      1.00000000000
0 2 1 0.0 1.0  
      0.30076016160      1.00000000000
0 3 6 10.0 1.0  
      469.760600000      0.00198400000
      142.612800000      0.01601300000
      55.1267000000      0.06315300000
      23.4415000000      0.13780000000
      9.49510000000      0.28549800000
      4.57920000000      0.43830900000
0 3 1 0.0 1.0  
      1.81511277680      1.00000000000
0 3 1 0.0 1.0  
      0.56229521080      1.00000000000
0 3 1 0.0 1.0  
      0.16767265400      1.00000000000
0 4 5 14.0 1.0  
      142.029300000      0.00595700000
      51.0862000000      0.05318000000
      22.8741000000      0.17807600000
      10.5025000000      0.30060000000
      4.78720000000      0.35034200000
0 4 1 0.0 1.0  
      1.92998925000      1.00000000000
0 4 1 0.0 1.0  
      0.59540728000      1.00000000000
