271 17
INPUT
43. 0 1 1 1 1 1
35.162097 989.995584 0
19.464402 278.865652 0
10.006865 71.009178  0
23.517932 -47.405890 0
29.412238 -35.557146 0
0 0 5 2.0 1.0
      95169.7670000      0.00002200000
      15488.4030000      0.00014500000
      3776.23350000      0.00065100000
      1079.05010000      0.00203800000
      268.953800000      0.00512700000
0 0 3 2.0 1.0  
      40.0851115671     -0.14243705220
      16.7447894751      0.71793451110
      6.99481587070     -0.68138221580
0 0 1 2.0 1.0  
      2.92195068420      1.00000000000
0 0 1 0.0 1.0  
      1.22058907040      1.00000000000
0 0 1 0.0 1.0  
      0.50987776310      1.00000000000
0 2 6 6.0 1.0  
      1500.53173130     -0.00101925700
      382.397489370     -0.00594762120
      132.999696280     -0.01626516090
      46.1100324190     -0.03562384580
      15.5835290110      0.23709171070
      5.78566770220     -0.30670977840
0 2 3 6.0 1.0  
      13.2093801641      0.56044904210
      6.34919554450      0.40061288820
      3.05179225380      0.72484907740
0 2 1 0.0 1.0  
      1.46686866000      1.00000000000
0 2 1 0.0 1.0  
      0.70506230000      1.00000000000
0 2 1 0.0 1.0  
      0.33889390400      1.00000000000
0 3 6 10.0 1.0  
      484.527500000      0.00228600000
      146.665500000      0.01862900000
      56.3779000000      0.07408800000
      23.6711000000      0.16155400000
      9.44010000000      0.30809100000
      4.37120000000      0.44833400000
0 3 1 1.0 1.0  
      1.86574235150      1.00000000000
0 3 1 0.0 1.0  
      0.63238834800      1.00000000000
0 3 1 0.0 1.0  
      0.16434632830      1.00000000000
0 4 5 14.0 1.0  
      175.155900000      0.00410200000
      62.8909000000      0.03908600000
      28.3624000000      0.14704400000
      13.2478000000      0.27109200000
      6.14400000000      0.34566500000
0 4 1 0.0 1.0  
      2.52027411000      1.00000000000
0 4 1 0.0 1.0  
      0.81050133000      1.00000000000
